21-11-2024
7-8 0 0 0 0 0 N
8-9 0 0 0 0 0 N
9-10 0 0 0 0 0 N
10-11 0 0 0 0 0 N
2-3 0 0 0 0 0 N
3-4 0 0 0 0 0 N
4-5 0 0 0 0 0 N

20-11-2024
7-8 0 0 0 0 0 N
8-9 0 0 0 0 0 N
9-10 0 0 0 0 0 N
10-11 0 0 0 0 0 N
2-3 0 0 0 0 0 N
3-4 0 0 0 0 0 N
4-5 0 0 0 0 0 N

19-11-2024
7-8 0 0 0 0 0 N
8-9 0 0 0 0 0 N
9-10 0 0 0 0 0 N
10-11 0 0 0 0 0 N
2-3 0 0 0 0 0 N
3-4 0 0 0 0 0 N
4-5 0 0 0 0 0 N

18-11-2024
7-8 0 0 0 0 0 N
8-9 0 0 0 0 0 N
9-10 0 0 0 0 0 N
10-11 0 0 0 0 0 N
2-3 0 0 0 0 0 N
3-4 0 0 0 0 0 N
4-5 0 0 0 0 0 N

17-11-2024
7-8 0 0 0 0 0 N
8-9 0 0 0 0 0 N
9-10 0 0 0 0 0 N
10-11 0 0 0 0 0 N
2-3 0 0 0 0 0 N
3-4 0 0 0 0 0 N
4-5 0 0 0 0 0 N

16-11-2024
7-8 0 0 0 0 0 N
8-9 0 0 0 0 0 N
9-10 0 0 0 0 0 N
10-11 0 0 0 0 0 N
2-3 0 0 0 0 0 N
3-4 0 0 0 0 0 N
4-5 0 0 0 0 0 N

15-11-2024
7-8 0 0 0 0 0 N
8-9 0 0 0 0 0 N
9-10 0 0 0 0 0 N
10-11 0 0 0 0 0 N
2-3 0 0 0 0 0 N
3-4 0 0 0 0 0 N
4-5 0 0 0 0 0 N

14-11-2024
7-8 0 0 0 0 0 N
8-9 0 0 0 0 0 N
9-10 0 0 0 0 0 N
10-11 0 0 0 0 0 N
2-3 0 0 0 0 0 N
3-4 0 0 0 0 0 N
4-5 0 0 0 0 0 N

13-11-2024
7-8 0 0 0 0 0 N
8-9 0 0 0 0 0 N
9-10 0 0 0 0 0 N
10-11 0 0 0 0 0 N
2-3 0 0 0 0 0 N
3-4 0 0 0 0 0 N
4-5 0 0 0 0 0 N

12-11-2024
7-8 0 0 0 0 0 N
8-9 0 0 0 0 0 N
9-10 0 0 0 0 0 N
10-11 0 0 0 0 0 N
2-3 0 0 0 0 0 N
3-4 0 0 0 0 0 N
4-5 0 0 0 0 0 N

11-11-2024
7-8 0 0 0 0 0 N
8-9 0 0 0 0 0 N
9-10 0 0 0 0 0 N
10-11 0 0 0 0 0 N
2-3 0 0 0 0 0 N
3-4 0 0 0 0 0 N
4-5 0 0 0 0 0 N

10-11-2024
7-8 0 0 0 0 0 N
8-9 0 0 0 0 0 N
9-10 0 0 0 0 0 N
10-11 0 0 0 0 0 N
2-3 0 0 0 0 0 N
3-4 0 0 0 0 0 N
4-5 0 0 0 0 0 N

09-11-2024
7-8 0 0 0 0 0 N
8-9 0 0 0 0 0 N
9-10 0 0 0 0 0 N
10-11 0 0 0 0 0 N
2-3 0 0 0 0 0 N
3-4 0 0 0 0 0 N
4-5 0 0 0 0 0 N

08-11-2024
7-8 0 0 0 0 0 N
8-9 0 0 0 0 0 N
9-10 0 0 0 0 0 N
10-11 0 0 0 0 0 N
2-3 0 0 0 0 0 N
3-4 0 0 0 0 0 N
4-5 0 0 0 0 0 N

07-11-2024
7-8 0 0 0 0 0 N
8-9 0 0 0 0 0 N
9-10 0 0 0 0 0 N
10-11 0 0 0 0 0 N
2-3 0 0 0 0 0 N
3-4 0 0 0 0 0 N
4-5 0 0 0 0 0 N

06-11-2024
7-8 0 0 0 0 0 N
8-9 0 0 0 0 0 N
9-10 0 0 0 0 0 N
10-11 0 0 0 0 0 N
2-3 0 0 0 0 0 N
3-4 0 0 0 0 0 N
4-5 0 0 0 0 0 N

